5e-05 0.013709778
5.018497e-05 0.01370944
5.0370624e-05 0.013709202
5.0556965e-05 0.013709069
5.0743995e-05 0.013709051
5.0931718e-05 0.013709147
5.1120134e-05 0.01370937
5.1309248e-05 0.013709723
5.1499061e-05 0.01371022
5.1689577e-05 0.013710861
5.1880797e-05 0.013711663
5.2072725e-05 0.013712629
5.2265363e-05 0.013713771
5.2458713e-05 0.013715097
5.2652779e-05 0.013716617
5.2847562e-05 0.013718343
5.3043066e-05 0.013720287
5.3239294e-05 0.013722459
5.3436247e-05 0.013724872
5.3633929e-05 0.013727541
5.3832342e-05 0.013730481
5.403149e-05 0.013733705
5.4231374e-05 0.013737236
5.4431997e-05 0.013741082
5.4633363e-05 0.013745271
5.4835473e-05 0.013749834
5.5038331e-05 0.013754811
5.524194e-05 0.013760233
5.5446302e-05 0.01376616
5.565142e-05 0.013772653
5.5857297e-05 0.013779793
5.6063935e-05 0.013787683
5.6271338e-05 0.013796453
5.6479508e-05 0.013806273
5.6688448e-05 0.01381737
5.6898161e-05 0.013830031
5.710865e-05 0.013844667
5.7319918e-05 0.013861848
5.7531967e-05 0.01388239
5.7744801e-05 0.01390752
5.7958422e-05 0.013939185
5.8172833e-05 0.013980755
5.8388037e-05 0.01403902
5.8604038e-05 0.014132015
5.8820838e-05 0.014354847
5.9038439e-05 0.014315072
5.9256846e-05 0.014118693
5.9476061e-05 0.014031866
5.9696086e-05 0.013976313
5.9916926e-05 0.013936165
6.0138582e-05 0.013905242
6.0361059e-05 0.013880429
6.0584359e-05 0.013859906
6.0808484e-05 0.013842522
6.1033439e-05 0.013827505
6.1259226e-05 0.013814319
6.1485848e-05 0.013802581
6.1713309e-05 0.013792007
6.1941611e-05 0.013782384
6.2170758e-05 0.013773541
6.2400752e-05 0.013765357
6.2631597e-05 0.013757734
6.2863296e-05 0.013750595
6.3095853e-05 0.013743879
6.3329269e-05 0.013737534
6.356355e-05 0.013731522
6.3798697e-05 0.013725806
6.4034713e-05 0.01372036
6.4271603e-05 0.013715166
6.4509369e-05 0.013710219
6.4748015e-05 0.013705465
6.4987544e-05 0.013700933
6.5227959e-05 0.013696719
6.5469263e-05 0.013692458
6.571146e-05 0.013688506
6.5954553e-05 0.013684732
6.6198545e-05 0.013681158
6.6443439e-05 0.013677707
6.668924e-05 0.013674443
6.693595e-05 0.013671345
6.7183573e-05 0.013668408
6.7432112e-05 0.013665628
6.768157e-05 0.013663025
6.7931951e-05 0.013660589
6.8183258e-05 0.013658325
6.8435495e-05 0.013656237
6.8688665e-05 0.013654316
6.8942772e-05 0.013652579
6.9197819e-05 0.013651109
6.9453809e-05 0.013649701
6.9710746e-05 0.013648578
6.9968634e-05 0.013647715
7.0227476e-05 0.013647079
7.0487275e-05 0.01364669
7.0748036e-05 0.013646602
7.1009761e-05 0.013646839
7.1272454e-05 0.013647474
7.153612e-05 0.013648524
7.180076e-05 0.013650486
7.206638e-05 0.013652472
7.2332982e-05 0.013655392
7.2600571e-05 0.013659031
7.2869149e-05 0.013663347
7.3138721e-05 0.013668369
7.340929e-05 0.013674528
7.368086e-05 0.013682102
7.3953435e-05 0.01369134
7.4227018e-05 0.013702094
7.4501614e-05 0.013715146
7.4777225e-05 0.013730735
7.5053855e-05 0.01374943
7.533151e-05 0.013772734
7.5610191e-05 0.013803057
7.5889903e-05 0.013845688
7.617065e-05 0.013914155
7.6452435e-05 0.014060197
7.6735263e-05 0.014209393
7.7019138e-05 0.014373012
7.7304062e-05 0.013932038
7.7590041e-05 0.013850943
7.7877077e-05 0.013805579
7.8165175e-05 0.013774051
7.8454339e-05 0.013749791
7.8744573e-05 0.013729959
7.9035881e-05 0.013713151
7.9328266e-05 0.013698573
7.9621733e-05 0.013685776
7.9916285e-05 0.013674517
8.0211927e-05 0.013664412
8.0508663e-05 0.013655533
8.0806497e-05 0.013647462
8.1105432e-05 0.013640326
8.1405474e-05 0.013634189
8.1706625e-05 0.013628183
8.200889e-05 0.013623033
8.2312274e-05 0.013618343
8.2616779e-05 0.013614095
8.2922412e-05 0.013610421
8.3229175e-05 0.013606763
8.3537073e-05 0.013603551
8.384611e-05 0.013600689
8.415629e-05 0.013598223
8.4467617e-05 0.013595325
8.4780097e-05 0.013592911
8.5093732e-05 0.013590777
8.5408527e-05 0.01358881
8.5724488e-05 0.013587382
8.6041617e-05 0.013586755
8.6359919e-05 0.013584841
8.6679398e-05 0.013583127
8.700006e-05 0.013581061
8.7321908e-05 0.013579264
8.7644946e-05 0.013578065
8.796918e-05 0.013579601
8.8294613e-05 0.013586268
8.862125e-05 0.013581116
8.8949095e-05 0.013585084
8.9278153e-05 0.01358534
8.9608429e-05 0.013580804
8.9939926e-05 0.013575741
9.0272649e-05 0.013573103
9.0606604e-05 0.01356915
9.0941794e-05 0.013567081
9.1278224e-05 0.013567442
9.1615898e-05 0.01356502
9.1954822e-05 0.013564079
9.2294999e-05 0.013563105
9.2636435e-05 0.013564922
9.2979134e-05 0.013561126
9.3323101e-05 0.013611677
9.366834e-05 0.013563625
9.4014857e-05 0.01356253
9.4362655e-05 0.013558575
9.471174e-05 0.013559998
9.5062117e-05 0.01355846
9.5413789e-05 0.013556848
9.5766763e-05 0.013556647
9.6121042e-05 0.013560418
9.6476632e-05 0.013600883
9.6833538e-05 0.013556938
9.7191763e-05 0.013558468
9.7551315e-05 0.013556421
9.7912196e-05 0.013557318
9.8274412e-05 0.013557288
9.8637968e-05 0.013565984
9.9002869e-05 0.013559753
9.936912e-05 0.013560998
9.9736726e-05 0.013558541
0.00010010569 0.013560043
0.00010047602 0.013557525
0.00010084772 0.013555969
0.0001012208 0.013556359
0.00010159526 0.013555094
0.0001019711 0.013553702
0.00010234833 0.013551798
0.00010272696 0.013550922
0.00010310698 0.013549555
0.00010348842 0.013548647
0.00010387126 0.013548
0.00010425552 0.013547763
0.00010464121 0.013546904
0.00010502832 0.013546514
0.00010541686 0.013546196
0.00010580684 0.01354585
0.00010619826 0.013545524
0.00010659113 0.01354524
0.00010698545 0.013544967
0.00010738123 0.013544707
0.00010777848 0.013544475
0.00010817719 0.013544263
0.00010857738 0.01354428
0.00010897905 0.01354643
0.00010938221 0.01354542
0.00010978686 0.013544932
0.000110193 0.013547383
0.00011060065 0.013578287
0.00011100981 0.013554168
0.00011142048 0.013558646
0.00011183267 0.013565789
0.00011224638 0.01357865
0.00011266162 0.013596537
0.0001130784 0.013590112
0.00011349673 0.013605042
0.0001139166 0.013571992
0.00011433802 0.013575942
0.000114761 0.013588006
0.00011518555 0.013622278
0.00011561166 0.013669603
0.00011603936 0.013618112
0.00011646863 0.013645731
0.0001168995 0.013650873
0.00011733196 0.013602396
0.00011776601 0.013586303
0.00011820168 0.013574727
0.00011863895 0.013569772
0.00011907784 0.013564447
0.00011951836 0.013558964
0.00011996051 0.013576122
0.00012040429 0.013550166
0.00012084971 0.013545603
0.00012129678 0.013591591
0.00012174551 0.013539923
0.00012219589 0.013539184
0.00012264794 0.013540267
0.00012310167 0.013539099
0.00012355707 0.013538723
0.00012401416 0.013537471
0.00012447293 0.01355151
0.00012493341 0.013536691
0.00012539559 0.013536268
0.00012585948 0.013536239
0.00012632508 0.013536936
0.00012679241 0.013535685
0.00012726146 0.01353547
0.00012773225 0.013535345
0.00012820479 0.013535163
0.00012867907 0.013535216
0.0001291551 0.013535302
0.0001296329 0.013535394
0.00013011246 0.013543085
0.0001305938 0.013542864
0.00013107692 0.013551288
0.00013156182 0.013630959
0.00013204852 0.013555931
0.00013253702 0.013571266
0.00013302733 0.013601577
0.00013351945 0.01357768
0.00013401339 0.013605378
0.00013450916 0.013639089
0.00013500676 0.013611249
0.00013550621 0.013695594
0.0001360075 0.013681398
0.00013651064 0.013737906
0.00013701565 0.013611695
0.00013752253 0.013677387
0.00013803128 0.013647302
0.00013854191 0.013645305
0.00013905443 0.013640325
0.00013956885 0.01360855
0.00014008517 0.01366465
0.0001406034 0.013653481
0.00014112355 0.013648611
0.00014164562 0.013629544
0.00014216963 0.013668587
0.00014269557 0.013837223
0.00014322345 0.013582327
0.0001437533 0.013573932
0.0001442851 0.013584297
0.00014481886 0.013562261
0.00014535461 0.013597531
0.00014589233 0.013548129
0.00014643205 0.013542792
0.00014697376 0.013559337
0.00014751747 0.013549311
0.0001480632 0.013608728
0.00014861094 0.013673356
0.00014916071 0.013567252
0.00014971252 0.013547097
0.00015026636 0.0135436
0.00015082226 0.013547737
0.00015138021 0.013541536
0.00015194022 0.013540387
0.00015250231 0.013540399
0.00015306648 0.013541069
0.00015363273 0.013554784
0.00015420108 0.013542599
0.00015477153 0.013543464
0.00015534409 0.013542954
0.00015591877 0.013562958
0.00015649558 0.013552938
0.00015707452 0.013545244
0.0001576556 0.013546993
0.00015823883 0.013549256
0.00015882422 0.013548471
0.00015941177 0.013789279
0.0001600015 0.013562517
0.00016059341 0.013551108
0.00016118751 0.013551587
0.00016178381 0.013554805
0.00016238231 0.013555359
0.00016298302 0.013950003
0.00016358596 0.013576756
0.00016419113 0.013560555
0.00016479854 0.013557957
0.0001654082 0.013560741
0.00016602011 0.013559943
0.00016663428 0.013563027
0.00016725073 0.013565801
0.00016786946 0.013563354
0.00016849047 0.01356426
0.00016911379 0.01356842
0.0001697394 0.013580853
0.00017036734 0.013678903
0.00017099759 0.013570429
0.00017163018 0.013571356
0.00017226511 0.013574179
0.00017290239 0.013832672
0.00017354202 0.013576101
0.00017418402 0.013576789
0.0001748284 0.013637727
0.00017547516 0.013580422
0.00017612431 0.01358014
0.00017677587 0.013588921
0.00017742983 0.013584815
0.00017808621 0.013586018
0.00017874503 0.013880505
0.00017940627 0.013642184
0.00018006997 0.013588814
0.00018073612 0.013951026
0.00018140474 0.014177785
0.00018207582 0.013595547
0.00018274939 0.01359507
0.00018342546 0.013603029
0.00018410402 0.013599118
0.0001847851 0.014271024
0.00018546869 0.013601656
0.00018615481 0.013613252
0.00018684347 0.013828237
0.00018753468 0.013694097
0.00018822845 0.013736495
0.00018892478 0.013862825
0.00018962369 0.013611361
0.00019032518 0.013618925
0.00019102927 0.01362188
0.00019173596 0.013935091
0.00019244527 0.013615383
0.0001931572 0.013621768
0.00019387177 0.013631312
0.00019458897 0.013641899
0.00019530884 0.013655348
0.00019603136 0.013885341
0.00019675656 0.013622004
0.00019748444 0.013625179
0.00019821501 0.013650203
0.00019894829 0.0139386
0.00019968428 0.01362839
0.00020042299 0.013630624
0.00020116444 0.013634573
0.00020190862 0.01364255
0.00020265556 0.01364362
0.00020340527 0.01373575
0.00020415774 0.013637574
0.000204913 0.013638859
0.00020567106 0.013642354
0.00020643192 0.013643471
0.00020719559 0.013645136
0.00020796209 0.013645057
0.00020873143 0.013653942
0.00020950361 0.013657017
0.00021027864 0.013648896
0.00021105655 0.013653603
0.00021183733 0.013656534
0.000212621 0.013655189
0.00021340757 0.01365785
0.00021419705 0.013656369
0.00021498945 0.013658289
0.00021578478 0.013668233
0.00021658306 0.013665347
0.00021738428 0.013668515
0.00021818847 0.013667092
0.00021899564 0.01368817
0.00021980579 0.013688402
0.00022061894 0.013720207
0.0002214351 0.013672821
0.00022225427 0.013753519
0.00022307648 0.013700872
0.00022390173 0.013688969
0.00022473003 0.013678842
0.0002255614 0.013711623
0.00022639584 0.013691607
0.00022723337 0.013711668
0.00022807399 0.013701058
0.00022891773 0.013732695
0.00022976459 0.01375855
0.00023061458 0.013711289
0.00023146771 0.013884783
0.000232324 0.014871905
0.00023318346 0.01373982
0.0002340461 0.013755989
0.00023491193 0.013754485
0.00023578096 0.013818516
0.00023665321 0.013807949
0.00023752869 0.013809385
0.0002384074 0.013754658
0.00023928936 0.013755744
0.00024017459 0.013739337
0.00024106309 0.013792007
0.00024195488 0.01378381
0.00024284997 0.013718303
0.00024374837 0.013759091
0.00024465009 0.013869304
0.00024555515 0.013924021
0.00024646355 0.013680257
0.00024737532 0.013725196
0.00024829046 0.013829861
0.00024920898 0.013752525
0.00025013091 0.01376187
0.00025105624 0.013977597
0.000251985 0.013704251
0.00025291719 0.013689947
0.00025385283 0.01369072
0.00025479193 0.013714141
0.00025573451 0.01370006
0.00025668057 0.013810768
0.00025763014 0.013691723
0.00025858322 0.013783924
0.00025953982 0.013666516
0.00026049996 0.0136626
0.00026146365 0.013752605
0.00026243091 0.013771971
0.00026340175 0.013743754
0.00026437617 0.013706344
0.00026535421 0.013662564
0.00026633586 0.013710807
0.00026732114 0.013649894
0.00026831007 0.013847315
0.00026930265 0.013668091
0.00027029891 0.01430269
0.00027129885 0.013664563
0.0002723025 0.014057886
0.00027330985 0.013656306
0.00027432093 0.013742905
0.00027533576 0.014049595
0.00027635433 0.014262905
0.00027737668 0.013691757
0.0002784028 0.013710404
0.00027943273 0.013773075
0.00028046646 0.013700128
0.00028150402 0.013664645
0.00028254541 0.01366626
0.00028359066 0.013669998
0.00028463977 0.014049275
0.00028569277 0.013865097
0.00028674966 0.013692233
0.00028781046 0.013802704
0.00028887519 0.013639139
0.00028994385 0.013657558
0.00029101647 0.014204452
0.00029209306 0.013696741
0.00029317362 0.014295274
0.00029425819 0.01369082
0.00029534677 0.013882167
0.00029643937 0.013711401
0.00029753602 0.01362087
0.00029863672 0.01363901
0.0002997415 0.013610177
0.00030085036 0.013665576
0.00030196333 0.013610064
0.00030308041 0.013678316
0.00030420163 0.013665915
0.00030532699 0.013641855
0.00030645652 0.013650026
0.00030759022 0.01366321
0.00030872812 0.013720724
0.00030987023 0.014160053
0.00031101656 0.013674583
0.00031216713 0.013756228
0.00031332196 0.013621082
0.00031448107 0.01386839
0.00031564446 0.013678504
0.00031681215 0.01376056
0.00031798417 0.013791248
0.00031916052 0.013699777
0.00032034122 0.013787043
0.00032152629 0.013735419
0.00032271574 0.013753712
0.0003239096 0.013764685
0.00032510787 0.014190907
0.00032631057 0.013722554
0.00032751772 0.013750661
0.00032872934 0.013737209
0.00032994544 0.013708144
0.00033116604 0.013717925
0.00033239116 0.013743813
0.0003336208 0.013808036
0.000334855 0.013803615
0.00033609376 0.013775017
0.00033733711 0.013745177
0.00033858505 0.013727848
0.00033983761 0.013757969
0.0003410948 0.013740281
0.00034235665 0.013772506
0.00034362316 0.013723888
0.00034489436 0.013753735
0.00034617026 0.013770171
0.00034745089 0.013779983
0.00034873624 0.013773246
0.00035002636 0.01384258
0.00035132125 0.01373887
0.00035262092 0.013730307
0.00035392541 0.013773995
0.00035523472 0.013760414
0.00035654887 0.013713829
0.00035786789 0.013638508
0.00035919179 0.013757305
0.00036052058 0.013649833
0.00036185429 0.013737447
0.00036319293 0.013701527
0.00036453653 0.013673325
0.00036588509 0.013647984
0.00036723865 0.013605512
0.00036859721 0.013639584
0.0003699608 0.013667103
0.00037132943 0.013666847
0.00037270312 0.013648926
0.0003740819 0.013607302
0.00037546578 0.013713728
0.00037685478 0.01365369
0.00037824891 0.013624837
0.00037964821 0.013642363
0.00038105267 0.013647196
0.00038246234 0.013611574
0.00038387722 0.013659079
0.00038529734 0.013628134
0.0003867227 0.01364701
0.00038815334 0.013627255
0.00038958928 0.013680822
0.00039103052 0.013699106
0.0003924771 0.013618755
0.00039392903 0.01369094
0.00039538633 0.013612052
0.00039684902 0.013615291
0.00039831712 0.013613144
0.00039979066 0.013617615
0.00040126964 0.013645979
0.0004027541 0.013776272
0.00040424405 0.013608786
0.00040573951 0.013704631
0.0004072405 0.013623978
0.00040874704 0.013683737
0.00041025916 0.013624905
0.00041177687 0.013788183
0.0004133002 0.013641001
0.00041482916 0.013714359
0.00041636378 0.013754499
0.00041790407 0.013660764
0.00041945007 0.013752139
0.00042100178 0.013624298
0.00042255923 0.013735082
0.00042412245 0.01379322
0.00042569145 0.01399983
0.00042726625 0.013701361
0.00042884688 0.013921712
0.00043043335 0.01440234
0.0004320257 0.014111431
0.00043362393 0.014033962
0.00043522808 0.014293145
0.00043683816 0.014054298
0.0004384542 0.014156878
0.00044007622 0.014135142
0.00044170423 0.014088654
0.00044333827 0.014219973
0.00044497836 0.01413073
0.00044662451 0.013918222
0.00044827675 0.014136944
0.0004499351 0.014145213
0.00045159959 0.014169824
0.00045327024 0.014089947
0.00045494707 0.014070463
0.0004566301 0.01442017
0.00045831935 0.014093797
0.00046001486 0.013990282
0.00046171664 0.013950007
0.00046342471 0.014298521
0.0004651391 0.013971187
0.00046685984 0.013985534
0.00046858694 0.014205128
0.00047032043 0.014034369
0.00047206033 0.014064652
0.00047380667 0.014005445
0.00047555947 0.01422528
0.00047731875 0.013924329
0.00047908455 0.013798128
0.00048085687 0.01404925
0.00048263575 0.014526749
0.00048442121 0.013875691
0.00048621328 0.01372969
0.00048801198 0.014885581
0.00048981733 0.013973442
0.00049162936 0.014051912
0.00049344809 0.01385206
0.00049527355 0.01394382
0.00049710576 0.01391031
0.00049894475 0.013906299
0.00050079055 0.014149942
0.00050264317 0.014038402
0.00050450265 0.013912159
0.00050636901 0.013867967
0.00050824227 0.014019331
0.00051012246 0.014259907
0.0005120096 0.013699962
0.00051390373 0.013848988
0.00051580487 0.013729743
0.00051771303 0.014029807
0.00051962826 0.01376758
0.00052155057 0.01439646
0.00052347999 0.01415837
0.00052541655 0.01376866
0.00052736028 0.014139919
0.0005293112 0.013805922
0.00053126933 0.013987634
0.0005332347 0.013709427
0.00053520735 0.013928017
0.0005371873 0.014148843
0.00053917457 0.013946197
0.00054116919 0.013975953
0.00054317119 0.013980712
0.00054518059 0.013655765
0.00054719743 0.013999813
0.00054922174 0.013833124
0.00055125353 0.013781189
0.00055329283 0.013735205
0.00055533968 0.013792617
0.0005573941 0.013685971
0.00055945613 0.013836899
0.00056152578 0.013691465
0.00056360309 0.013808159
0.00056568808 0.013670078
0.00056778078 0.014042679
0.00056988123 0.014175873
0.00057198945 0.013754633
0.00057410546 0.013684625
0.00057622931 0.013745534
0.00057836101 0.013678083
0.0005805006 0.013750553
0.0005826481 0.013744136
0.00058480355 0.013707961
0.00058696697 0.013805235
0.00058913839 0.013746951
0.00059131785 0.013667715
0.00059350537 0.013718494
0.00059570098 0.013709236
0.00059790472 0.013673335
0.00060011661 0.01421103
0.00060233668 0.013698376
0.00060456496 0.014067303
0.00060680149 0.013723188
0.00060904629 0.013734135
0.00061129939 0.013816415
0.00061356083 0.013764429
0.00061583064 0.013709817
0.00061810884 0.013675066
0.00062039547 0.013678343
0.00062269056 0.013662937
0.00062499414 0.014159781
0.00062730624 0.013798949
0.0006296269 0.013678873
0.00063195614 0.013703998
0.00063429399 0.013671247
0.0006366405 0.01375322
0.00063899569 0.013675458
0.00064135959 0.01373735
0.00064373223 0.013701944
0.00064611365 0.013751672
0.00064850388 0.013739088
0.00065090296 0.013726716
0.00065331091 0.013734734
0.00065572776 0.013749343
0.00065815356 0.013689731
0.00066058833 0.014223197
0.00066303211 0.013711702
0.00066548493 0.013675649
0.00066794683 0.01370488
0.00067041783 0.013721272
0.00067289797 0.013732631
0.00067538729 0.013843776
0.00067788581 0.013792478
0.00068039358 0.013682572
0.00068291063 0.013762012
0.00068543699 0.013752402
0.00068797269 0.013681847
0.00069051778 0.013672862
0.00069307228 0.013751204
0.00069563623 0.013750555
0.00069820966 0.013738442
0.00070079262 0.013724176
0.00070338513 0.013743571
0.00070598723 0.013730015
0.00070859896 0.013854967
0.00071122035 0.013726631
0.00071385143 0.013693812
0.00071649225 0.013810745
0.00071914284 0.013713399
0.00072180324 0.01368461
0.00072447348 0.013773678
0.00072715359 0.013752676
0.00072984362 0.013762117
0.00073254361 0.014207389
0.00073525358 0.013842032
0.00073797357 0.014165397
0.00074070363 0.013780379
0.00074344379 0.013764937
0.00074619408 0.013905662
0.00074895455 0.013764491
0.00075172523 0.013919871
0.00075450616 0.013694163
0.00075729738 0.013741358
0.00076009892 0.013775971
0.00076291083 0.013699648
0.00076573314 0.013771667
0.0007685659 0.013815237
0.00077140913 0.01379001
0.00077426288 0.013791963
0.00077712718 0.013780542
0.00078000209 0.013768315
0.00078288762 0.013810528
0.00078578384 0.013782721
0.00078869076 0.01378328
0.00079160844 0.013874519
0.00079453692 0.014100995
0.00079747623 0.013760993
0.00080042641 0.013747958
0.0008033875 0.013698809
0.00080635956 0.013781061
0.0008093426 0.01376191
0.00081233668 0.013815157
0.00081534184 0.013894249
0.00081835811 0.014329288
0.00082138554 0.013789662
0.00082442418 0.013692252
0.00082747405 0.013879788
0.0008305352 0.013688947
0.00083360768 0.013799035
0.00083669153 0.013753366
0.00083978679 0.013791998
0.00084289349 0.013685971
0.00084601169 0.01377458
0.00084914142 0.013692475
0.00085228274 0.01365222
0.00085543567 0.01367241
0.00085860027 0.013765997
0.00086177657 0.013893446
0.00086496462 0.013651962
0.00086816447 0.013816353
0.00087137616 0.013796859
0.00087459973 0.013722045
0.00087783522 0.013658645
0.00088108268 0.013665358
0.00088434216 0.013648804
0.00088761369 0.013638015
0.00089089733 0.013726043
0.00089419311 0.013640889
0.00089750109 0.013643653
0.0009008213 0.013633875
0.0009041538 0.013764537
0.00090749862 0.01365315
0.00091085582 0.01380662
0.00091422544 0.013637953
0.00091760752 0.013649032
0.00092100212 0.013634439
0.00092440927 0.013631544
0.00092782903 0.013631407
0.00093126144 0.013637464
0.00093470654 0.013631821
0.00093816439 0.013650601
0.00094163504 0.013670952
0.00094511852 0.013710871
0.00094861489 0.013643242
0.00095212419 0.013629322
0.00095564648 0.013635584
0.0009591818 0.013638629
0.00096273019 0.013737184
0.00096629171 0.013704319
0.00096986641 0.013630243
0.00097345433 0.013626605
0.00097705553 0.013683883
0.00098067005 0.01362562
0.00098429793 0.013626077
0.00098793924 0.013625536
0.00099159403 0.013646746
0.00099526233 0.013626523
0.0009989442 0.013624258
0.0010026397 0.0136246
0.0010063489 0.013621672
0.0010100717 0.013625586
0.0010138084 0.013645516
0.0010175589 0.013620993
0.0010213232 0.013620719
0.0010251015 0.013621837
0.0010288938 0.013622406
0.0010327001 0.013723198
0.0010365204 0.013662134
0.0010403549 0.013618444
0.0010442036 0.013643811
0.0010480665 0.01362628
0.0010519438 0.013617418
0.0010558353 0.013616073
0.0010597413 0.013646073
0.0010636617 0.013628828
0.0010675966 0.013614578
0.001071546 0.013618452
0.0010755101 0.013616237
0.0010794889 0.013624464
0.0010834823 0.013636735
0.0010874906 0.013813017
0.0010915136 0.013627096
0.0010955516 0.013613429
0.0010996044 0.013722494
0.0011036723 0.014482251
0.0011077552 0.013869882
0.0011118533 0.013671614
0.0011159664 0.013674469
0.0011200949 0.01362785
0.0011242385 0.01363725
0.0011283975 0.01361209
0.0011325719 0.013660063
0.0011367618 0.013647105
0.0011409671 0.013612193
0.001145188 0.013617865
0.0011494245 0.013617335
0.0011536767 0.013668874
0.0011579446 0.01364558
0.0011622283 0.013607724
0.0011665278 0.013625053
0.0011708433 0.013610825
0.0011751747 0.013618095
0.0011795221 0.013614599
0.0011838857 0.013612353
0.0011882653 0.013639948
0.0011926612 0.013607713
0.0011970733 0.013622747
0.0012015018 0.013634124
0.0012059466 0.013608595
0.0012104079 0.013611617
0.0012148856 0.013646357
0.00121938 0.013608623
0.001223891 0.013610802
0.0012284186 0.0136129
0.001232963 0.013627924
0.0012375243 0.013640308
0.0012421024 0.013612374
0.0012466974 0.013612198
0.0012513094 0.013619412
0.0012559385 0.013604517
0.0012605847 0.013720585
0.0012652481 0.013624744
0.0012699288 0.013613793
0.0012746268 0.013619542
0.0012793421 0.013657278
0.0012840749 0.013634802
0.0012888252 0.01369374
0.0012935931 0.013618587
0.0012983786 0.013828411
0.0013031818 0.0136472
0.0013080028 0.013676146
0.0013128416 0.013615969
0.0013176984 0.013616048
0.001322573 0.013633223
0.0013274658 0.013681998
0.0013323766 0.013671506
0.0013373056 0.01361618
0.0013422528 0.013687022
0.0013472183 0.01368491
0.0013522022 0.013643585
0.0013572046 0.013809814
0.0013622254 0.013735804
0.0013672648 0.013659544
0.0013723229 0.013702182
0.0013773996 0.0148688
0.0013824952 0.013861354
0.0013876096 0.013636517
0.0013927429 0.013888112
0.0013978952 0.013817484
0.0014030666 0.014044107
0.0014082571 0.013762984
0.0014134668 0.01379741
0.0014186958 0.013700816
0.0014239441 0.013916155
0.0014292118 0.013664529
0.0014344991 0.01388253
0.0014398058 0.013799838
0.0014451323 0.013794051
0.0014504784 0.013724064
0.0014558443 0.013631443
0.00146123 0.013885342
0.0014666357 0.013829176
0.0014720614 0.013670853
0.0014775071 0.013684615
0.001482973 0.013708706
0.0014884591 0.013857195
0.0014939655 0.013784431
0.0014994923 0.013780031
0.0015050395 0.013874876
0.0015106072 0.013735316
0.0015161956 0.013664833
0.0015218046 0.013774856
0.0015274343 0.013666066
0.0015330849 0.01380693
0.0015387564 0.013758249
0.0015444489 0.013664766
0.0015501624 0.013673641
0.0015558971 0.013615054
0.001561653 0.01369718
0.0015674301 0.013691999
0.0015732287 0.013755352
0.0015790487 0.013775624
0.0015848902 0.013672143
0.0015907534 0.013709463
0.0015966382 0.013650135
0.0016025448 0.013722323
0.0016084732 0.013694617
0.0016144236 0.013785528
0.001620396 0.013793818
0.0016263905 0.013711067
0.0016324072 0.013666343
0.0016384461 0.013715751
0.0016445074 0.014156331
0.001650591 0.013680169
0.0016566972 0.013598087
0.001662826 0.013735686
0.0016689775 0.013631659
0.0016751517 0.014010871
0.0016813487 0.01412417
0.0016875687 0.013865626
0.0016938117 0.01361882
0.0017000778 0.01374596
0.0017063671 0.013602097
0.0017126796 0.013645672
0.0017190155 0.01383646
0.0017253748 0.013629029
0.0017317576 0.013619037
0.0017381641 0.013600667
0.0017445943 0.013592736
0.0017510482 0.013589266
0.001757526 0.013600092
0.0017640278 0.014164061
0.0017705537 0.013770866
0.0017771036 0.013591556
0.0017836779 0.013587225
0.0017902764 0.013665495
0.0017968993 0.013687714
0.0018035468 0.013592802
0.0018102188 0.013683693
0.0018169155 0.013595543
0.001823637 0.013600658
0.0018303834 0.013583172
0.0018371547 0.013576747
0.0018439511 0.013831646
0.0018507726 0.0135864
0.0018576193 0.013580145
0.0018644914 0.01410781
0.0018713889 0.013588906
0.0018783119 0.013762505
0.0018852605 0.013621991
0.0018922349 0.013840684
0.001899235 0.013618042
0.001906261 0.013574515
0.001913313 0.013606733
0.0019203911 0.01379499
0.0019274954 0.013662912
0.001934626 0.013590624
0.001941783 0.013583727
0.0019489664 0.013777652
0.0019561764 0.013568308
0.0019634131 0.013606473
0.0019706765 0.013725898
0.0019779668 0.013572592
0.0019852841 0.013810948
0.0019926285 0.013690011
0.002 0.013579169
